141 178
57 493
56 14
355 329
358 110
384 299
180 79
175 258
159 128
385 229
277 52
64 479
203 66
201 335
166 343
398 431
261 3
108 98
33 118
205 395
238 269
135 106
496 166
206 480
233 499
280 50
245 285
132 231
265 24
201 265
433 314
204 130
244 130
112 341
462 374
90 30
76 116
0 335
205 419
436 128
140 495
17 38
68 251
310 130
8 43
478 173
83 336
280 139
18 269
407 135
174 274
384 227
417 389
64 438
251 98
344 75
193 410
96 196
328 461
469 425
16 255
462 225
376 387
339 399
368 331
485 488
314 215
316 27
146 21
97 102
202 467
374 182
303 207
79 183
165 250
486 447
197 128
55 317
374 29
389 405
270 339
388 423
176 305
402 328
246 442
467 121
155 102
432 48
0 372
440 49
99 482
335 321
378 381
499 304
19 264
50 26
71 83
1 151
455 329
380 9